30
7B0
5030
4070
30
30
330
5170
6270
4070
30
4070
30
30
30
30
30
5030
4070
4070
30
30
30
30
770
4070
30
30
30
30
30
30
30
30
4070
4070
30
30
30
5030
330
4070
30
30
30
30
30
30
30
30
30
30
30
30
30
30
30
30
30
30
30
30
30
30
30
30
4070
4070
30
30
30
30
F0
4070
4070
4070
30
30
30
30
330
4070
30
30
30
30
30
30
30
30
30
30
30
30
30
30
30
30
30
30
30
30
30
30
30
30
30
30
30
30
30
30
30
30
30
30
30
30
30
30
30
30
30
30
30
30
30
30
30
30
30
30
30
30
30
30
30
30
30
30
30
30
30
30
30
30
30
30
30
30
30
30
30
30
30
30
30
30
30
30
30
30
30
30
30
30
30
30
30
30
30
30
30
30
30
30
30
30
7FB0
7FB0
7FB0
7FB0
7FB0
7FB0
7FB0
7FB0
30
30
30
30
30
30
30
30
