530
4FB0
4070
4070
30
30
30
30
30
7070
4830
4070
4B0
4CB0
4CB0
4CB0
4CB0
4830
4830
4070
F0
8B0
8B0
8B0
8B0
870
4830
4070
770
7730
7730
7730
7730
7070
5770
4070
330
3330
3330
3330
3330
3030
4830
4070
530
5530
5530
5530
5530
5030
4830
4070
170
1130
1130
1130
1130
1070
2130
4070
630
6630
6630
6630
6630
6030
4830
4070
270
2230
2230
2230
2230
2070
4830
4070
470
4430
4430
4430
4430
4070
14F0
30
30
30
30
30
30
4070
4070
4070
30
30
30
30
470
7070
4070
4070
30
30
30
30
4B0
4070
4070
4070
30
30
30
30
F0
4070
4070
4070
30
30
30
30
770
4070
4070
4070
30
30
30
30
330
4070
4070
4070
30
30
30
30
530
4070
4070
4070
30
30
30
30
170
4070
4070
4070
30
30
30
30
630
4070
4070
4070
30
30
30
30
270
4070
4830
4070
470
470
4070
4430
470
4070
4830
4070
30
4070
4070
4070
4070
4070
7FB0
7FB0
7FB0
7FB0
7FB0
7FB0
7FB0
7FB0
30
30
30
30
30
30
30
30
