123456789 INV SAVE INV EXE

0 0030  0 00 0 3 0 
 1 07B0  0 F0 0 3 0 
 2 0870  0 08 1 3 0 
 3 4070  0 01 1 3 0 
 4 0030  0 00 0 3 0 
 5 48F0  0 89 1 3 0 
 6 7370  0 67 1 3 0 
 7 5170  0 45 1 3 0 
 8 6270  0 23 1 3 0 
 9 4070  0 01 1 3 0 

12345678.9
 0 0030  0 00 0 3 0 
 1 07B0  0 F0 0 3 0 
 2 7070  0 07 1 3 0 
 3 4070  0 01 1 3 0 
 4 0030  0 00 0 3 0 
 5 48F0  0 89 1 3 0 
 6 7370  0 67 1 3 0 
 7 5170  0 45 1 3 0 
 8 6270  0 23 1 3 0 
 9 4070  0 01 1 3 0 

1.23 E65
 0 0030  0 00 0 3 0 
 1 07B0  0 F0 0 3 0 
 2 5330  0 65 0 3 0 
 3 4070  0 01 1 3 0 
 4 0030  0 00 0 3 0 
 5 0030  0 00 0 3 0 
 6 0030  0 00 0 3 0 
 7 0030  0 00 0 3 0 
 8 6270  0 23 1 3 0 
 9 4070  0 01 1 3 0 

-1.23 E65
 0 0030  0 00 0 3 0 
 1 07B0  0 F0 0 3 0 
 2 5330  0 65 0 3 0 
 3 4830  0 09 0 3 0 
 4 0030  0 00 0 3 0 
 5 0030  0 00 0 3 0 
 6 0030  0 00 0 3 0 
 7 0030  0 00 0 3 0 
 8 6270  0 23 1 3 0 
 9 4070  0 01 1 3 0

1.23E-65
 0 0030  0 00 0 3 0  File type F and number 00
 1 07B0  0 F0 0 3 0 
 2 5630  0 35 0 3 0 
 3 0030  0 00 0 3 0 
 4 0030  0 00 0 3 0 
 5 0030  0 00 0 3 0 
 6 0030  0 00 0 3 0 
 7 0030  0 00 0 3 0 
 8 6270  0 23 1 3 0 
 9 4070  0 01 1 3 0 

INV SAVE EXE
All memories
F = 8888
1F = 9999

nn = 1nn1

File type and number
 0 3330  0 66 0 3 0 
 1 37B0  0 F6 0 3 0 

M0F
 2 6030  0 03 0 3 0 
 3 4070  0 01 1 3 0 
 4 0030  0 00 0 3 0 
 5 0030  0 00 0 3 0 
 6 0030  0 00 0 3 0 
 7 00F0  0 80 1 3 0 
 8 08B0  0 88 0 3 0 
 9 0870  0 08 1 3 0

M09
 10 6030  0 03 0 3 0 
 11 4070  0 01 1 3 0 
 12 0030  0 00 0 3 0 
 13 0030  0 00 0 3 0 
 14 0030  0 00 0 3 0 
 15 0470  0 10 1 3 0 
 16 4830  0 09 0 3 0 
 17 4070  0 01 1 3 0
 
 18 6030  0 03 0 3 0 
 19 4070  0 01 1 3 0
 20 0030  0 00 0 3 0 
 21 0030  0 00 0 3 0 
 22 0030  0 00 0 3 0 
 23 0470  0 10 1 3 0 
 24 0870  0 08 1 3 0 
 25 4070  0 01 1 3 0 
 26 6030  0 03 0 3 0 
 27 4070  0 01 1 3 0 
 28 0030  0 00 0 3 0 
 29 0030  0 00 0 3 0 
 30 0030  0 00 0 3 0 
 31 0470  0 10 1 3 0 
 32 7070  0 07 1 3 0 
 33 4070  0 01 1 3 0 
 34 6030  0 03 0 3 0 
 35 4070  0 01 1 3 0 
 36 0030  0 00 0 3 0 
 37 0030  0 00 0 3 0 
 38 0030  0 00 0 3 0 
 39 0470  0 10 1 3 0 
 40 3030  0 06 0 3 0 
 41 4070  0 01 1 3 0 
 42 6030  0 03 0 3 0 
 43 4070  0 01 1 3 0 
 44 0030  0 00 0 3 0 
 45 0030  0 00 0 3 0 
 46 0030  0 00 0 3 0 
 47 0470  0 10 1 3 0 
 48 5030  0 05 0 3 0 
 49 4070  0 01 1 3 0 
 50 6030  0 03 0 3 0 
 51 4070  0 01 1 3 0 
 52 0030  0 00 0 3 0 
 53 0030  0 00 0 3 0 
 54 0030  0 00 0 3 0 
 55 0470  0 10 1 3 0 
 56 1070  0 04 1 3 0 
 57 4070  0 01 1 3 0 
 58 6030  0 03 0 3 0 
 59 4070  0 01 1 3 0 
 60 0030  0 00 0 3 0 
 61 0030  0 00 0 3 0 
 62 0030  0 00 0 3 0 
 63 0470  0 10 1 3 0 
 64 6030  0 03 0 3 0 
 65 4070  0 01 1 3 0 
 66 6030  0 03 0 3 0 
 67 4070  0 01 1 3 0 
 68 0030  0 00 0 3 0 
 69 0030  0 00 0 3 0 
 70 0030  0 00 0 3 0 
 71 0470  0 10 1 3 0 
 72 2070  0 02 1 3 0 
 73 4070  0 01 1 3 0 
 74 6030  0 03 0 3 0 
 75 4070  0 01 1 3 0 
 76 0030  0 00 0 3 0 
 77 0030  0 00 0 3 0 
 78 0030  0 00 0 3 0 
 79 0470  0 10 1 3 0 
 80 4070  0 01 1 3 0 
 81 4070  0 01 1 3 0
 
 82 6030  0 03 0 3 0 
 83 4070  0 01 1 3 0 
 84 0030  0 00 0 3 0 
 85 0030  0 00 0 3 0 
 86 0030  0 00 0 3 0 
 87 0470  0 10 1 3 0 
 88 0030  0 00 0 3 0 
 89 4070  0 01 1 3 0

M1F
 90 6030  0 03 0 3 0 
 91 4070  0 01 1 3 0 
 92 0030  0 00 0 3 0 
 93 0030  0 00 0 3 0 
 94 0030  0 00 0 3 0 
 95 04B0  0 90 0 3 0 
 96 4CB0  0 99 0 3 0 
 97 4830  0 09 0 3 0
 
 98 6030  0 03 0 3 0 
 99 4070  0 01 1 3 0 
 100 0030  0 00 0 3 0 
 101 0030  0 00 0 3 0 
 102 0030  0 00 0 3 0 
 103 0470  0 10 1 3 0 
 104 4C70  0 19 1 3 0 
 105 4070  0 01 1 3 0 
 106 6030  0 03 0 3 0 
 107 4070  0 01 1 3 0 
 108 0030  0 00 0 3 0 
 109 0030  0 00 0 3 0 
 110 0030  0 00 0 3 0 
 111 0470  0 10 1 3 0 
 112 0C30  0 18 0 3 0 
 113 4070  0 01 1 3 0 
 114 6030  0 03 0 3 0 
 115 4070  0 01 1 3 0 
 116 0030  0 00 0 3 0 
 117 0030  0 00 0 3 0 
 118 0030  0 00 0 3 0 
 119 0470  0 10 1 3 0 
 120 7430  0 17 0 3 0 
 121 4070  0 01 1 3 0 
 122 6030  0 03 0 3 0 
 123 4070  0 01 1 3 0 
 124 0030  0 00 0 3 0 
 125 0030  0 00 0 3 0 
 126 0030  0 00 0 3 0 
 127 0470  0 10 1 3 0 
 128 3470  0 16 1 3 0 
 129 4070  0 01 1 3 0 
 130 6030  0 03 0 3 0 
 131 4070  0 01 1 3 0 
 132 0030  0 00 0 3 0 
 133 0030  0 00 0 3 0 
 134 0030  0 00 0 3 0 
 135 0470  0 10 1 3 0 
 136 5470  0 15 1 3 0 
 137 4070  0 01 1 3 0 
 138 6030  0 03 0 3 0 
 139 4070  0 01 1 3 0 
 140 0030  0 00 0 3 0 
 141 0030  0 00 0 3 0 
 142 0030  0 00 0 3 0 
 143 0470  0 10 1 3 0 
 144 1430  0 14 0 3 0 
 145 4070  0 01 1 3 0 
 146 6030  0 03 0 3 0 
 147 4070  0 01 1 3 0 
 148 0030  0 00 0 3 0 
 149 0030  0 00 0 3 0 
 150 0030  0 00 0 3 0 
 151 0470  0 10 1 3 0 
 152 6470  0 13 1 3 0 
 153 4070  0 01 1 3 0
 
 154 6030  0 03 0 3 0 
 155 4070  0 01 1 3 0 
 156 0030  0 00 0 3 0 
 157 0030  0 00 0 3 0 
 158 0030  0 00 0 3 0 
 159 0470  0 10 1 3 0 
 160 2430  0 12 0 3 0 
 161 4070  0 01 1 3 0 

 162 6030  0 03 0 3 0 
 163 4070  0 01 1 3 0 
 164 0030  0 00 0 3 0 
 165 0030  0 00 0 3 0 
 166 0030  0 00 0 3 0 
 167 0470  0 10 1 3 0 
 168 4430  0 11 0 3 0 
 169 4070  0 01 1 3 0 

 170 0030  0 00 0 3 0 
 171 0030  0 00 0 3 0 
 172 0030  0 00 0 3 0 
 173 0030  0 00 0 3 0 
 174 0030  0 00 0 3 0 
 175 0030  0 00 0 3 0 
 176 0030  0 00 0 3 0 
 177 0030  0 00 0 3 0 
 178 7FB0  0 FF 0 3 0 
 179 7FB0  0 FF 0 3 0 
 180 7FB0  0 FF 0 3 0 
 181 7FB0  0 FF 0 3 0 
 182 7FB0  0 FF 0 3 0 
 183 7FB0  0 FF 0 3 0 
 184 7FB0  0 FF 0 3 0 
 185 7FB0  0 FF 0 3 0 
 186 0030  0 00 0 3 0 
 187 0030  0 00 0 3 0 
 188 0030  0 00 0 3 0 
 189 0030  0 00 0 3 0 
 190 0030  0 00 0 3 0 
 191 0030  0 00 0 3 0 
 192 0030  0 00 0 3 0 
 193 0030  0 00 0 3 0 
