20B0
76B0
2070
6870
1D30
1D30
3D70
3D70
3D70
3D70
3D70
3D70
3D70
3D70
3D70
3D70
3D70
3D70
3D70
3D70
3D70
3D70
3D70
3D70
3D70
3D70
3D70
3D70
3D70
3D70
3D70
3D70
3D70
3D70
3D70
3D70
3D70
3D70
3D70
3D70
3D70
3D70
3D70
3D70
3D70
3D70
3D70
3D70
3D70
3D70
3D70
3D70
3D70
3D70
3D70
3D70
3D70
3D70
3D70
3D70
3D70
3D70
3D70
3D70
3D70
3D70
3D70
3D70
3D70
3D70
3D70
3D70
3D70
3D70
3D70
3D70
3D70
3D70
3D70
3D70
3D70
3D70
3D70
3D70
3D70
3D70
3D70
3D70
3D70
3D70
3D70
3D70
3D70
3D70
3D70
3D70
3D70
3D70
3D70
3D70
3D70
3D70
3D70
3D70
3D70
3D70
3D70
3D70
3D70
3D70
3D70
3D70
3D70
3D70
3D70
3D70
3D70
3D70
3D70
3D70
3D70
3D70
3D70
3D70
3D70
3D70
3D70
3D70
3D70
3D70
3D70
3D70
3D70
3D70
3D70
3D70
3D70
3D70
3D70
3D70
3D70
3D70
3D70
3D70
3D70
3D70
3D70
3D70
3D70
3D70
3D70
3D70
3D70
3D70
3D70
3D70
3D70
3D70
3D70
3D70
3D70
3D70
3D70
3D70
3D70
3D70
3D70
3D70
3D70
3D70
3D70
3D70
3D70
3D70
3D70
3D70
3D70
3D70
3D70
3D70
3D70
3D70
3D70
3D70
3D70
3D70
3D70
3D70
3D70
3D70
3D70
3D70
3D70
3D70
3D70
3D70
3D70
3D70
3D70
3D70
3D70
3D70
3D70
3D70
3D70
3D70
3D70
3D70
3D70
3D70
3D70
3D70
3D70
3D70
3D70
3D70
3D70
3D70
3D70
3D70
3D70
3D70
3D70
3D70
3D70
3D70
3D70
3D70
3D70
3D70
3D70
3D70
3D70
3D70
3D70
3D70
3D70
3D70
3D70
3D70
3D70
3D70
3D70
3D70
3D70
3D70
3D70
3D70
3D70
3D70
3D70
3D70
3D70
3D70
3D70
3D70
3D70
3D70
7FB0
7FB0
7FB0
7FB0
7FB0
7FB0
7FB0
7FB0
30
30
30
30
30
30
30
30
